5280343
5280445
5280443
5280863
969516
65064
445154
5280961
5280805
72281
10621
932
442428
9064
72276
689043
1794427
445858
370
16129778
1183
8468
3314
637511
10364
6989
22311
6654
2537
1254
1548943
638024
2353
3034034
441074
2519
5429
2153
89594
5288826
5284371
174174
154417
5184
446220
441071
5770
8969
13342
5978
443955
24360
60700
60838
36314
148124
68827
68911
439503
338
5469424
5315472
265237
124072
5281544
82755
10393
44584733
5281855
72307
68289
4788
6072
31553
5213
5281703
5281605
64982
108130
185617
5281613
5281612
65126
442009
5281792
64945
10494
168928
65243
73581
441923
119307
14982
10114
107985
122724
5318517
72303
10170
5350
3712
3071
65036
442870
5280459
6420
5281708
5281679
8842
70678
9817
73160
13854
637540
5470187
5281717
5281693
54675779
73620
443354
6473881
5281625
54684824
40585
46173925
5281605
44259
72326
5280443
5316860
12305761
65676
6442445
5280450
124886
4380
12442
5281600
6857599
12303645
6253
6917894
93009
108065
5281607
643751
54674783
1548943
6610
5281520
6076
8094
3469
1183
2244
1794427
689043
